Les 10 actifs faisant les meilleures performances sur les 6 mois précédents de 1967 à 1987 
Année | StockNumber |..|..|..
1  173	190	199	201	203	231	274	276	296	298
2	1	64	202	211	221	224	231	267	271	313
3	147	175	201	211	218	222	247	272	274	286
4	128	150	202	218	221	224	255	276	290	297
5	147	159	173	175	201	209	218	222	251	271
6	139	177	225	227	242	243	246	267	274	304
7	174	175	190	201	221	222	224	253	279	304
8	147	173	174	201	209	221	222	232	241	247
9	125	139	202	221	224	225	229	246	274	285
10	118	150	177	206	211	226	232	239	242	297
11	1	159	201	203	209	211	218	253	290	296
12	155	173	201	206	211	221	222	232	256	278
13	17	145	190	200	206	221	235	256	261	296
14	155	201	218	222	239	251	254	258	275	307
15	182	201	214	218	222	250	251	252	258	275
16	116	153	190	202	211	221	224	235	241	276
17	40	147	173	190	203	209	225	241	251	276
18	150	174	197	202	230	252	256	258	261	275
19	147	173	174	218	222	243	260	274	275	285
20	145	150	174	197	202	224	254	275	281	312