Les 10 actifs faisant les meilleures performances sur les 6 mois précédents de 1967 à 1987 
Année | StockNumber |..|..|..
1  17	162	188	200	202	209	214	232	247	261
2	125	147	153	182	190	201	203	218	222	279
3	173	197	221	224	255	262	264	276	285	296
4	17	40	173	232	239	242	246	247	307	313
5	150	162	177	200	202	214	224	252	297	307
6	147	201	202	203	209	222	224	228	245	296
7	17	64	147	162	173	242	247	254	268	281
8	182	190	202	206	225	239	242	255	278	294
9	118	128	171	177	209	232	278	286	294	297
10	125	147	173	209	225	246	251	267	271	274
11	118	147	171	202	214	232	236	242	275	294
12	125	139	147	153	182	197	225	229	235	287
13	147	150	188	201	203	209	218	222	225	247
14	68	118	153	173	183	197	203	241	276	296
15	147	150	155	197	199	225	236	242	278	287
16	40	150	174	184	201	203	222	225	252	285
17	150	174	182	202	211	222	239	245	252	297
18	147	203	218	222	235	241	251	276	290	296
19	155	171	197	200	245	256	258	261	268	307
20	209	218	222	225	231	255	257	274	287	298